0 0.83 0.54 0.12 0.21
0 0.65 0.36 0.07 0.14
0 0.57 0.36 0.08 0.11
0 0.46 0.51 0.11 0.21
0 0.33 0.29 0.06 0.11
0 0.08 0.13 0.06 0.09
0 0.09 0.05 0.05 0.08
0 0.03 0.12 0.04 0.07
0 0.35 0.21 0.03 0.06
0 0.45 0.2 0.04 0.07
0 0.37 0.07 0.02 0.05
0 0.2 0.19 0.03 0.06
0 0.54 0.15 0.02 0.04
0 0.57 0.23 0.04 0.08
0 0.3 0.12 0.02 0.04
0 0.51 0.14 0.02 0.04
0 0.27 0.43 0.08 0.12
0 0.38 0.19 0.03 0.04
1 0.22 0.51 0.09 0.17
1 0.26 0.1 0.02 0.03
1 0.22 0.18 0.03 0.05
1 0.15 0.1 0.04 0.06
1 0.62 0.29 0.04 0.08
1 0.49 0.09 0.03 0.04
0 0.49 0.31 0.05 0.1
0 0.41 0.09 0.01 0.02
0 0.43 0.15 0.02 0.03
1 0.27 0.18 0.02 0.04
1 0.26 0.35 0.05 0.08
1 0.04 0.67 0.09 0.17
1 0.59 0.21 0.03 0.06
0 0.49 0.21 0.04 0.06
0 0.45 0.07 0.01 0.02
