0 0.08 0.64 0.12 0.23
0 0.18 0.7 0.15 0.29
0 0.35 0.46 0.1 0.2
0 0.32 0.28 0.05 0.12
0 0.29 0.29 0.03 0.08
0 0.39 0.3 0.05 0.09
0 0.43 0.37 0.07 0.12
0 0.49 0.31 0.05 0.1
0 0.45 0.26 0.04 0.07
0 0.61 0.33 0.06 0.12
0 0.59 0.24 0.05 0.09
0 0.54 0.22 0.04 0.08
0 0.58 0.19 0.03 0.06
0 0.86 0.16 0.03 0.05
0 0.78 0.18 0.02 0.06
0 0.81 0.21 0.03 0.06
0 0.76 0.15 0.02 0.04
0 0.77 0.28 0.04 0.09
0 0.72 0.2 0.02 0.05
0 0.69 0.17 0.02 0.05
0 0.65 0.18 0.03 0.05
0 0.7 0.24 0.04 0.08
0 0.7 0.32 0.06 0.1
0 0.61 0.2 0.02 0.05
