0 0.01 0.45 0.02 0.06
0 0.07 0.46 0.03 0.06
0 0.12 0.46 0.03 0.06
0 0.16 0.46 0.03 0.06
0 0.94 0.42 0.03 0.1
0 0.97 0.43 0.05 0.11
0 0.88 0.39 0.04 0.09
0 0.78 0.44 0.02 0.06
0 0.75 0.45 0.04 0.09
0 0.72 0.43 0.03 0.08
0 0.91 0.44 0.03 0.07
0 0.74 0.38 0.03 0.04
0 0.71 0.38 0.02 0.04
0 0.83 0.43 0.07 0.15
0 0.68 0.39 0.02 0.04
0 0.67 0.44 0.03 0.07
0 0.65 0.46 0.02 0.05
0 0.61 0.43 0.02 0.05
1 0.65 0.42 0.02 0.04
0 0.58 0.45 0.02 0.06
0 0.57 0.4 0.02 0.04
0 0.57 0.45 0.02 0.05
0 0.52 0.44 0.03 0.06
0 0.55 0.45 0.02 0.05
0 0.53 0.37 0.02 0.04
0 0.48 0.38 0.02 0.05
0 0.49 0.45 0.02 0.05
0 0.47 0.46 0.02 0.05
0 0.44 0.38 0.02 0.04
0 0.41 0.44 0.02 0.05
0 0.4 0.46 0.02 0.05
0 0.33 0.43 0.02 0.05
0 0.29 0.45 0.03 0.06
0 0.22 0.33 0.05 0.09
