0 0.39 0.38 0.07 0.11
0 0.53 0.4 0.08 0.14
0 0.59 0.33 0.05 0.1
0 0.64 0.28 0.03 0.06
0 0.45 0.3 0.03 0.05
0 0.47 0.28 0.02 0.04
0 0.21 0.33 0.03 0.05
0 0.22 0.3 0.03 0.04
0 0.15 0.33 0.05 0.07
1 0.07 0.31 0.04 0.05
1 0.1 0.31 0.03 0.05
1 0.18 0.36 0.06 0.06
1 0.25 0.36 0.06 0.08
1 0.32 0.33 0.05 0.07
1 0.29 0.45 0.09 0.12
1 0.69 0.3 0.05 0.08
1 0.8 0.33 0.06 0.09
1 0.89 0.32 0.04 0.06
1 0.94 0.28 0.04 0.05
0 0.76 0.3 0.05 0.07
0 0.34 0.3 0.04 0.06
0 0.3 0.29 0.03 0.04
0 0.52 0.29 0.02 0.04
1 0.56 0.29 0.03 0.04
1 0.41 0.3 0.03 0.05
