0 0.16 0.18 0.04 0.07
1 0.23 0.13 0.03 0.06
1 0.26 0.23 0.03 0.06
1 0.28 0.13 0.03 0.06
1 0.34 0.15 0.03 0.06
1 0.4 0.12 0.03 0.06
1 0.43 0.25 0.03 0.06
1 0.44 0.31 0.03 0.07
1 0.49 0.15 0.03 0.05
1 0.58 0.16 0.02 0.06
1 0.62 0.17 0.03 0.06
1 0.65 0.15 0.03 0.05
1 0.68 0.15 0.03 0.05
1 0.58 0.23 0.03 0.07
1 0.53 0.33 0.03 0.07
1 0.61 0.27 0.03 0.06
1 0.63 0.3 0.03 0.06
1 0.68 0.23 0.03 0.06
1 0.68 0.34 0.04 0.07
1 0.71 0.32 0.03 0.07
1 0.69 0.49 0.04 0.07
1 0.64 0.54 0.04 0.07
1 0.52 0.49 0.05 0.08
1 0.8 0.31 0.03 0.06
1 0.79 0.35 0.04 0.06
1 0.81 0.24 0.03 0.07
1 0.89 0.31 0.04 0.06
1 0.99 0.27 0.03 0.07
