1 0.11 0.52 0.02 0.04
0 0.14 0.5 0.02 0.05
1 0.16 0.51 0.02 0.04
1 0.18 0.52 0.03 0.06
0 0.2 0.48 0.02 0.05
1 0.29 0.47 0.01 0.03
1 0.3 0.47 0.01 0.03
0 0.3 0.49 0.02 0.04
1 0.32 0.51 0.02 0.05
1 0.35 0.49 0.02 0.03
1 0.37 0.47 0.01 0.03
1 0.41 0.48 0.02 0.03
1 0.45 0.49 0.01 0.03
0 0.43 0.5 0.03 0.05
0 0.46 0.5 0.02 0.05
1 0.5 0.49 0.03 0.07
1 0.52 0.49 0.01 0.04
1 0.54 0.49 0.02 0.04
1 0.59 0.49 0.02 0.04
1 0.62 0.49 0.02 0.05
0 0.64 0.49 0.01 0.03
1 0.66 0.5 0.01 0.03
0 0.76 0.5 0.03 0.05
0 0.79 0.51 0.03 0.06
1 0.77 0.54 0.03 0.05
1 0.94 0.49 0.02 0.03
