1 0.37 0.3 0.01 0.01
1 0.39 0.3 0.01 0.01
0 0.42 0.31 0.01 0.01
1 0.43 0.3 0.01 0.01
1 0.45 0.3 0.01 0.01
1 0.46 0.29 0.01 0.01
1 0.44 0.32 0.02 0.02
1 0.39 0.32 0.01 0.01
1 0.35 0.33 0.01 0.01
1 0.34 0.33 0.01 0.01
1 0.34 0.34 0.02 0.01
1 0.33 0.31 0.01 0.01
1 0.32 0.32 0.02 0.02
1 0.32 0.34 0.01 0.02
1 0.3 0.34 0.01 0.02
1 0.29 0.32 0.02 0.01
1 0.29 0.31 0.01 0.01
1 0.28 0.34 0.02 0.02
1 0.27 0.35 0.01 0.01
1 0.26 0.35 0.01 0.02
1 0.26 0.36 0.02 0.02
1 0.23 0.35 0.02 0.01
1 0.24 0.35 0.01 0.02
1 0.35 0.35 0.02 0.02
1 0.36 0.35 0.02 0.02
1 0.38 0.33 0.02 0.01
1 0.31 0.37 0.02 0.01
1 0.32 0.36 0.01 0.01
1 0.24 0.38 0.02 0.02
1 0.39 0.35 0.02 0.01
1 0.38 0.36 0.02 0.02
1 0.4 0.34 0.01 0.01
1 0.41 0.35 0.02 0.01
1 0.4 0.36 0.02 0.02
1 0.42 0.36 0.02 0.02
1 0.43 0.36 0.02 0.01
1 0.43 0.34 0.01 0.01
1 0.44 0.34 0.02 0.02
1 0.49 0.34 0.02 0.02
1 0.51 0.35 0.02 0.01
1 0.35 0.38 0.02 0.02
1 0.31 0.39 0.02 0.02
1 0.28 0.39 0.02 0.02
1 0.26 0.4 0.02 0.02
1 0.23 0.4 0.02 0.02
1 0.22 0.38 0.02 0.02
1 0.19 0.39 0.02 0.02
1 0.21 0.41 0.02 0.02
1 0.17 0.43 0.03 0.03
1 0.19 0.44 0.02 0.02
1 0.26 0.42 0.03 0.02
1 0.35 0.41 0.03 0.02
1 0.43 0.44 0.03 0.02
1 0.46 0.41 0.02 0.02
1 0.46 0.39 0.03 0.02
1 0.13 0.42 0.03 0.02
1 0.14 0.44 0.03 0.02
1 0.08 0.47 0.03 0.03
1 0.11 0.48 0.04 0.03
1 0.18 0.49 0.04 0.03
1 0.15 0.55 0.06 0.05
1 0.04 0.51 0.04 0.04
1 0.24 0.55 0.04 0.03
1 0.27 0.58 0.04 0.04
0 0.32 0.58 0.05 0.05
1 0.44 0.57 0.06 0.05
1 0.34 0.52 0.05 0.04
1 0.37 0.48 0.04 0.03
1 0.6 0.52 0.04 0.04
1 0.62 0.61 0.06 0.06
1 0.72 0.54 0.06 0.05
1 0.8 0.55 0.06 0.05
1 0.64 0.46 0.03 0.03
1 0.56 0.45 0.03 0.03
1 0.53 0.48 0.04 0.04
1 0.54 0.36 0.02 0.02
1 0.63 0.44 0.03 0.02
1 0.68 0.46 0.03 0.03
1 0.51 0.39 0.02 0.02
1 0.55 0.32 0.02 0.01
