0 0.01 0.3 0.02 0.05
0 0.05 0.29 0.04 0.09
0 0.13 0.29 0.06 0.11
0 0.2 0.29 0.04 0.07
0 0.25 0.31 0.04 0.09
0 0.28 0.3 0.03 0.08
0 0.3 0.26 0.04 0.08
0 0.36 0.29 0.03 0.09
0 0.4 0.32 0.05 0.09
0 0.42 0.27 0.03 0.07
0 0.46 0.31 0.04 0.08
0 0.48 0.27 0.04 0.08
0 0.53 0.31 0.05 0.08
0 0.57 0.27 0.04 0.09
0 0.61 0.3 0.03 0.05
1 0.65 0.3 0.03 0.06
0 0.64 0.43 0.04 0.08
0 0.69 0.29 0.04 0.05
0 0.7 0.34 0.05 0.09
0 0.78 0.31 0.05 0.1
0 0.79 0.25 0.04 0.06
0 0.85 0.32 0.06 0.1
0 0.89 0.31 0.03 0.06
0 0.94 0.3 0.05 0.07
