0 0.18 0.53 0.02 0.04
0 0.49 0.5 0.02 0.03
0 0.1 0.55 0.03 0.04
0 0.14 0.56 0.02 0.04
0 0.28 0.55 0.03 0.05
0 0.39 0.52 0.02 0.03
0 0.31 0.54 0.04 0.07
0 0.34 0.51 0.02 0.04
1 0.37 0.5 0.02 0.03
1 0.41 0.51 0.02 0.02
0 0.44 0.54 0.03 0.04
0 0.47 0.55 0.02 0.04
0 0.45 0.49 0.02 0.02
0 0.48 0.53 0.03 0.04
1 0.52 0.49 0.01 0.02
0 0.54 0.49 0.01 0.03
0 0.55 0.51 0.02 0.03
0 0.57 0.49 0.02 0.03
0 0.6 0.52 0.03 0.04
0 0.61 0.5 0.02 0.03
0 0.63 0.52 0.03 0.04
0 0.71 0.49 0.02 0.03
0 0.73 0.49 0.01 0.04
0 0.75 0.48 0.02 0.04
0 0.75 0.54 0.03 0.04
0 0.79 0.56 0.03 0.05
0 0.73 0.53 0.02 0.03
0 0.69 0.5 0.02 0.03
1 0.75 0.62 0.07 0.11
0 0.96 0.6 0.07 0.18
1 0.88 0.56 0.04 0.07
1 0.91 0.55 0.03 0.05
0 0.8 0.51 0.03 0.03
0 0.76 0.49 0.02 0.03
0 0.83 0.51 0.03 0.05
0 0.81 0.53 0.03 0.05
