0 0.6 0.7 0.06 0.08
0 0.84 0.82 0.07 0.1
0 0.48 0.49 0.03 0.04
0 0.41 0.57 0.04 0.06
0 0.95 0.55 0.04 0.05
0 0.88 0.54 0.04 0.05
0 0.09 0.53 0.04 0.05
0 0.55 0.51 0.03 0.05
0 0.32 0.5 0.04 0.05
0 0.16 0.44 0.03 0.04
0 0.44 0.43 0.03 0.04
0 0.69 0.42 0.03 0.04
0 0.11 0.45 0.03 0.04
0 0.23 0.34 0.02 0.03
0 0.97 0.84 0.05 0.1
0 0.4 0.45 0.03 0.04
0 0.65 0.39 0.03 0.04
0 0.08 0.43 0.02 0.04
0 0.03 0.38 0.03 0.04
0 0.06 0.4 0.02 0.04
0 0.1 0.42 0.03 0.04
0 0.3 0.47 0.04 0.05
0 0.32 0.41 0.03 0.05
0 0.35 0.47 0.03 0.05
0 0.45 0.37 0.02 0.03
0 0.47 0.37 0.02 0.03
0 0.51 0.37 0.02 0.03
0 0.59 0.39 0.02 0.04
0 0.6 0.38 0.02 0.03
0 0.7 0.41 0.03 0.04
