0 0.83 0.32 0.08 0.1
0 0.11 0.33 0.07 0.09
0 0.63 0.34 0.07 0.09
0 0.34 0.34 0.06 0.09
0 0.51 0.35 0.06 0.09
0 0.46 0.34 0.05 0.09
0 0.71 0.37 0.05 0.06
1 0.22 0.34 0.06 0.07
1 0.28 0.35 0.04 0.05
0 0.75 0.37 0.04 0.06
1 0.15 0.34 0.04 0.05
1 0.08 0.36 0.04 0.07
1 0.57 0.36 0.04 0.03
1 0.41 0.35 0.03 0.04
0 0.83 0.03 0.08 0.07
0 0.11 0.02 0.07 0.05
0 0.63 0.02 0.07 0.04
0 0.34 0.02 0.07 0.04
0 0.5 0.02 0.06 0.03
0 0.46 0.02 0.05 0.04
1 0.22 0.01 0.07 0.02
1 0.28 0.01 0.04 0.01
1 0.15 0.01 0.04 0.02
1 0.08 0.01 0.04 0.01
