0 0.9 0.32 0.06 0.08
0 0.36 0.33 0.06 0.08
0 0.09 0.33 0.05 0.07
0 0.52 0.32 0.05 0.07
0 0.68 0.33 0.05 0.07
0 0.21 0.35 0.06 0.07
0 0.45 0.35 0.03 0.06
1 0.77 0.34 0.04 0.06
0 0.72 0.35 0.03 0.05
0 0.57 0.34 0.03 0.05
0 0.6 0.35 0.03 0.05
0 0.63 0.35 0.04 0.06
0 0.25 0.34 0.03 0.06
0 0.31 0.34 0.03 0.04
0 0.91 0.03 0.06 0.06
0 0.36 0.02 0.06 0.05
0 0.09 0.02 0.06 0.04
0 0.52 0.03 0.05 0.05
0 0.68 0.02 0.05 0.05
0 0.22 0.01 0.06 0.02
0 0.46 0.01 0.04 0.02
1 0.77 0.01 0.04 0.02
0 0.72 0.01 0.04 0.01
0 0.57 0.01 0.04 0.02
0 0.6 0.0 0.03 0.01
0 0.63 0.01 0.04 0.02
0 0.25 0.01 0.03 0.03
0 0.31 0.01 0.03 0.01
