0 0.57 0.38 0.06 0.08
0 0.41 0.41 0.05 0.07
0 0.29 0.41 0.05 0.07
0 0.81 0.4 0.05 0.07
0 0.47 0.4 0.05 0.07
0 0.7 0.42 0.06 0.08
0 0.88 0.4 0.1 0.13
0 0.13 0.42 0.05 0.07
0 0.06 0.4 0.05 0.06
0 0.22 0.4 0.05 0.06
0 0.65 0.42 0.04 0.06
0 0.76 0.41 0.03 0.05
0 0.33 0.42 0.03 0.05
1 0.96 0.41 0.05 0.07
0 0.61 0.41 0.04 0.05
0 0.38 0.41 0.03 0.05
0 0.57 0.04 0.06 0.08
0 0.41 0.03 0.05 0.05
0 0.29 0.03 0.05 0.05
0 0.81 0.03 0.05 0.06
0 0.47 0.03 0.06 0.06
0 0.69 0.02 0.06 0.05
0 0.88 0.04 0.1 0.08
0 0.12 0.02 0.05 0.03
0 0.07 0.03 0.06 0.05
0 0.22 0.03 0.05 0.05
0 0.66 0.02 0.04 0.03
0 0.76 0.02 0.04 0.03
0 0.33 0.01 0.04 0.03
1 0.96 0.02 0.05 0.05
0 0.61 0.02 0.04 0.04
0 0.38 0.02 0.04 0.04
