0 0.41 0.26 0.06 0.11
0 0.71 0.29 0.12 0.17
0 0.48 0.29 0.07 0.09
0 0.88 0.31 0.1 0.13
0 0.22 0.31 0.12 0.16
0 0.1 0.28 0.08 0.12
0 0.34 0.29 0.09 0.12
0 0.59 0.31 0.05 0.07
0 0.52 0.31 0.02 0.08
0 0.28 0.3 0.05 0.09
0 0.03 0.31 0.04 0.11
0 0.55 0.33 0.03 0.06
0 0.83 0.32 0.05 0.06
0 0.41 0.05 0.07 0.1
0 0.71 0.05 0.12 0.1
0 0.48 0.03 0.07 0.05
0 0.89 0.03 0.1 0.06
0 0.22 0.03 0.13 0.06
0 0.1 0.04 0.09 0.08
0 0.34 0.03 0.09 0.07
0 0.59 0.01 0.05 0.02
0 0.52 0.02 0.03 0.04
0 0.28 0.02 0.06 0.05
0 0.02 0.02 0.04 0.05
0 0.82 0.01 0.05 0.01
