0 0.33 0.32 0.14 0.19
0 0.16 0.31 0.07 0.2
0 0.64 0.31 0.14 0.2
0 0.47 0.27 0.14 0.17
0 0.28 0.22 0.12 0.17
0 0.56 0.2 0.11 0.14
0 0.73 0.23 0.12 0.2
0 0.22 0.22 0.09 0.14
0 0.16 0.16 0.06 0.11
0 0.45 0.14 0.1 0.12
0 0.8 0.22 0.07 0.16
0 0.31 0.15 0.09 0.11
0 0.68 0.05 0.07 0.07
0 0.75 0.1 0.08 0.1
0 0.84 0.19 0.06 0.16
0 0.41 0.07 0.07 0.1
0 0.36 0.12 0.07 0.11
0 0.09 0.31 0.07 0.2
0 0.02 0.22 0.03 0.18
0 0.98 0.23 0.03 0.2
0 0.04 0.22 0.08 0.15
0 0.1 0.16 0.06 0.11
0 0.95 0.22 0.07 0.16
0 0.98 0.1 0.04 0.11
0 0.91 0.19 0.06 0.16
