0 0.1 0.32 0.06 0.06
1 0.77 0.3 0.07 0.09
1 0.17 0.29 0.06 0.07
1 0.43 0.26 0.07 0.1
1 0.91 0.27 0.06 0.08
1 0.56 0.3 0.06 0.08
1 0.66 0.33 0.06 0.07
1 0.32 0.32 0.06 0.08
0 0.28 0.33 0.03 0.05
1 0.53 0.32 0.03 0.06
1 0.95 0.31 0.06 0.07
1 0.38 0.31 0.04 0.06
0 0.1 0.03 0.06 0.06
1 0.77 0.05 0.07 0.09
1 0.17 0.05 0.06 0.07
1 0.43 0.08 0.07 0.1
1 0.91 0.08 0.06 0.08
1 0.56 0.04 0.06 0.08
1 0.66 0.03 0.06 0.05
1 0.32 0.03 0.06 0.06
0 0.28 0.02 0.03 0.04
1 0.53 0.03 0.04 0.06
1 0.95 0.04 0.06 0.07
1 0.38 0.03 0.04 0.06
