1 0.12 0.35 0.11 0.1
1 0.19 0.32 0.03 0.05
1 0.02 0.29 0.02 0.04
1 0.24 0.33 0.07 0.09
1 0.28 0.27 0.04 0.04
1 0.34 0.31 0.07 0.08
1 0.4 0.33 0.05 0.06
1 0.43 0.29 0.03 0.04
1 0.49 0.34 0.07 0.08
1 0.61 0.37 0.05 0.08
1 0.86 0.43 0.11 0.09
1 0.9 0.34 0.04 0.06
1 0.81 0.35 0.04 0.05
0 0.76 0.32 0.03 0.05
0 0.71 0.32 0.03 0.05
0 0.68 0.33 0.04 0.05
1 0.64 0.34 0.04 0.06
0 0.61 0.29 0.02 0.03
1 0.12 0.02 0.11 0.03
1 0.2 0.02 0.04 0.04
1 0.02 0.05 0.02 0.04
1 0.24 0.03 0.07 0.05
1 0.28 0.06 0.04 0.04
1 0.34 0.03 0.07 0.06
1 0.4 0.02 0.06 0.04
1 0.43 0.04 0.03 0.04
1 0.49 0.02 0.07 0.04
1 0.9 0.01 0.04 0.03
1 0.81 0.0 0.04 0.01
0 0.76 0.02 0.04 0.04
0 0.71 0.02 0.04 0.04
0 0.68 0.01 0.04 0.03
1 0.64 0.01 0.04 0.03
0 0.61 0.04 0.02 0.03
