0 0.52 0.41 0.05 0.05
0 0.71 0.47 0.06 0.06
0 0.91 0.4 0.07 0.07
0 0.37 0.48 0.05 0.06
0 0.67 0.41 0.05 0.06
0 0.55 0.46 0.07 0.06
0 0.27 0.46 0.04 0.05
0 0.26 0.38 0.04 0.05
0 0.03 0.45 0.04 0.03
0 0.05 0.42 0.03 0.03
0 0.1 0.44 0.04 0.04
0 0.13 0.4 0.04 0.03
1 0.84 0.45 0.08 0.08
0 0.21 0.45 0.03 0.04
0 0.2 0.4 0.04 0.04
0 0.52 0.03 0.06 0.05
0 0.91 0.03 0.07 0.06
0 0.67 0.03 0.06 0.05
0 0.26 0.05 0.04 0.05
0 0.05 0.01 0.04 0.03
0 0.1 0.01 0.05 0.01
0 0.13 0.03 0.04 0.03
1 0.83 0.01 0.08 0.02
0 0.2 0.03 0.04 0.04
