0 0.72 0.47 0.07 0.07
0 0.33 0.3 0.06 0.05
0 0.43 0.29 0.05 0.06
0 0.33 0.17 0.04 0.06
0 0.63 0.17 0.05 0.06
0 0.81 0.49 0.06 0.07
1 0.16 0.28 0.04 0.04
1 0.04 0.18 0.02 0.05
1 0.84 0.3 0.04 0.05
1 0.8 0.25 0.04 0.05
1 0.73 0.23 0.05 0.05
1 0.61 0.45 0.06 0.05
1 0.5 0.37 0.06 0.05
1 0.59 0.38 0.06 0.05
1 0.3 0.2 0.04 0.04
1 0.42 0.18 0.03 0.05
1 0.45 0.17 0.04 0.05
1 0.48 0.18 0.03 0.05
1 0.52 0.18 0.03 0.04
1 0.56 0.16 0.05 0.06
0 0.33 0.02 0.05 0.03
0 0.63 0.02 0.05 0.03
1 0.04 0.01 0.03 0.01
1 0.42 0.01 0.04 0.01
1 0.45 0.01 0.04 0.02
1 0.48 0.0 0.04 0.01
1 0.52 0.01 0.04 0.01
1 0.56 0.02 0.05 0.04
