1 0.06 0.44 0.11 0.12
1 0.63 0.39 0.05 0.06
1 0.21 0.38 0.05 0.06
1 0.67 0.38 0.04 0.04
1 0.08 0.39 0.08 0.08
1 0.17 0.39 0.05 0.06
1 0.95 0.47 0.08 0.09
1 0.34 0.36 0.03 0.04
1 0.44 0.36 0.04 0.05
1 0.52 0.37 0.04 0.05
1 0.8 0.42 0.07 0.08
1 0.06 0.06 0.11 0.12
1 0.63 0.11 0.05 0.06
1 0.21 0.12 0.05 0.06
1 0.67 0.12 0.04 0.04
1 0.08 0.11 0.08 0.08
1 0.17 0.12 0.05 0.06
1 0.95 0.04 0.08 0.07
1 0.95 0.99 0.08 0.02
1 0.34 0.15 0.03 0.04
1 0.44 0.14 0.04 0.05
1 0.52 0.13 0.04 0.05
1 0.8 0.08 0.07 0.08
