1 0.04 0.36 0.05 0.06
1 0.13 0.35 0.07 0.08
1 0.23 0.37 0.05 0.06
1 0.36 0.37 0.07 0.08
1 0.41 0.37 0.04 0.06
1 0.48 0.36 0.06 0.08
1 0.51 0.38 0.03 0.05
1 0.58 0.35 0.07 0.1
1 0.62 0.36 0.05 0.07
1 0.77 0.4 0.05 0.07
1 0.82 0.36 0.05 0.06
1 0.88 0.38 0.09 0.09
1 0.95 0.38 0.04 0.06
1 0.04 0.03 0.05 0.06
1 0.13 0.04 0.07 0.08
1 0.23 0.02 0.05 0.05
1 0.36 0.03 0.07 0.06
1 0.4 0.02 0.04 0.04
1 0.48 0.03 0.06 0.07
1 0.51 0.02 0.03 0.04
1 0.58 0.04 0.07 0.09
1 0.62 0.03 0.05 0.06
1 0.77 0.01 0.05 0.02
1 0.81 0.03 0.05 0.05
1 0.89 0.03 0.09 0.05
1 0.95 0.02 0.04 0.04
