0 0.26 0.76 0.09 0.1
0 0.08 0.65 0.1 0.1
0 0.58 0.81 0.08 0.09
0 0.4 0.45 0.07 0.07
0 0.67 0.56 0.07 0.07
0 0.79 0.28 0.06 0.06
0 0.78 0.68 0.08 0.07
0 0.61 0.52 0.05 0.06
0 0.38 0.4 0.06 0.06
0 0.28 0.44 0.07 0.06
0 0.53 0.53 0.05 0.06
0 0.73 0.81 0.09 0.09
0 0.87 0.75 0.09 0.07
0 0.9 0.24 0.06 0.07
0 0.92 0.17 0.06 0.06
0 0.87 0.16 0.06 0.04
0 0.26 0.96 0.1 0.08
0 0.58 0.91 0.08 0.09
0 0.79 0.01 0.06 0.02
0 0.73 0.91 0.09 0.09
0 0.87 0.97 0.09 0.06
0 0.91 0.03 0.06 0.06
0 0.92 0.1 0.06 0.06
0 0.87 0.11 0.06 0.04
