0 0.95 0.38 0.07 0.09
0 0.05 0.41 0.06 0.07
0 0.75 0.39 0.06 0.07
0 0.85 0.39 0.06 0.07
0 0.65 0.39 0.05 0.07
0 0.5 0.41 0.05 0.06
0 0.27 0.4 0.06 0.06
0 0.19 0.43 0.05 0.06
0 0.58 0.41 0.06 0.07
0 0.14 0.42 0.05 0.06
0 0.42 0.41 0.05 0.06
0 0.35 0.43 0.05 0.06
0 0.94 0.05 0.07 0.09
0 0.05 0.02 0.06 0.05
0 0.75 0.03 0.06 0.06
0 0.85 0.03 0.06 0.06
0 0.66 0.03 0.06 0.06
0 0.5 0.02 0.06 0.05
0 0.28 0.02 0.06 0.05
0 0.2 0.01 0.06 0.02
0 0.58 0.02 0.06 0.04
0 0.14 0.02 0.05 0.04
0 0.42 0.02 0.05 0.05
0 0.35 0.01 0.05 0.02
