0 0.08 0.25 0.06 0.06
0 0.4 0.51 0.04 0.05
0 0.71 0.63 0.05 0.07
0 0.58 0.5 0.04 0.03
0 0.54 0.48 0.04 0.04
0 0.11 0.36 0.05 0.06
0 0.44 0.36 0.04 0.05
0 0.71 0.42 0.05 0.05
0 0.65 0.31 0.04 0.05
0 0.15 0.25 0.04 0.04
0 0.59 0.3 0.03 0.03
0 0.72 0.27 0.02 0.04
0 0.69 0.32 0.04 0.05
0 0.18 0.29 0.03 0.04
0 0.4 0.43 0.04 0.04
0 0.35 0.44 0.03 0.04
0 0.41 0.33 0.03 0.03
0 0.38 0.44 0.03 0.04
0 0.08 0.08 0.06 0.06
0 0.65 0.02 0.04 0.05
0 0.15 0.08 0.04 0.04
0 0.59 0.04 0.03 0.03
0 0.72 0.06 0.02 0.04
0 0.69 0.02 0.04 0.04
0 0.18 0.05 0.03 0.04
0 0.41 0.01 0.03 0.02
