0 0.93 0.77 0.08 0.08
0 0.65 0.64 0.06 0.07
0 0.98 0.72 0.04 0.08
0 0.54 0.61 0.05 0.06
0 0.02 0.69 0.03 0.06
0 0.13 0.67 0.04 0.06
0 0.22 0.67 0.04 0.05
0 0.22 0.2 0.03 0.03
0 0.29 0.36 0.03 0.03
0 0.42 0.62 0.04 0.04
0 0.6 0.71 0.05 0.07
0 0.49 0.7 0.05 0.07
0 0.44 0.71 0.05 0.06
0 0.43 0.68 0.05 0.06
0 0.35 0.67 0.04 0.04
0 0.51 0.53 0.04 0.03
0 0.47 0.51 0.03 0.04
0 0.39 0.52 0.04 0.04
0 0.44 0.45 0.03 0.04
0 0.4 0.46 0.03 0.03
1 0.8 0.71 0.06 0.05
0 0.93 0.9 0.08 0.08
0 0.98 0.95 0.04 0.08
0 0.02 0.97 0.03 0.05
0 0.12 0.98 0.04 0.03
0 0.22 0.98 0.05 0.03
0 0.22 0.13 0.03 0.03
0 0.6 0.96 0.05 0.07
0 0.49 0.97 0.05 0.07
0 0.44 0.96 0.05 0.06
0 0.43 0.98 0.05 0.04
0 0.35 0.99 0.04 0.02
1 0.8 0.96 0.06 0.05
