1 0.27 0.19 0.04 0.06
1 0.59 0.35 0.02 0.03
1 0.63 0.38 0.02 0.03
1 0.66 0.38 0.03 0.04
1 0.69 0.37 0.02 0.05
1 0.72 0.38 0.03 0.04
1 0.77 0.39 0.03 0.05
1 0.81 0.4 0.02 0.04
1 0.86 0.41 0.03 0.05
1 0.92 0.42 0.04 0.07
1 0.97 0.45 0.04 0.06
1 0.96 0.51 0.06 0.08
1 0.95 0.61 0.07 0.08
1 0.85 0.59 0.07 0.13
1 0.8 0.62 0.09 0.15
1 0.72 0.63 0.09 0.16
1 0.6 0.66 0.11 0.17
1 0.53 0.79 0.12 0.19
1 0.37 0.66 0.09 0.15
1 0.3 0.6 0.07 0.14
1 0.19 0.6 0.07 0.15
1 0.04 0.41 0.03 0.06
1 0.07 0.44 0.05 0.09
1 0.11 0.46 0.05 0.08
1 0.14 0.47 0.05 0.09
1 0.16 0.53 0.06 0.11
1 0.18 0.54 0.05 0.07
