1 0.29 0.79 0.1 0.16
1 0.07 0.65 0.1 0.16
1 0.63 0.92 0.17 0.15
1 0.75 0.67 0.08 0.13
1 0.5 0.62 0.08 0.13
1 0.32 0.59 0.06 0.1
1 0.18 0.54 0.06 0.1
1 0.06 0.48 0.04 0.08
1 0.02 0.45 0.03 0.07
1 0.12 0.43 0.04 0.05
1 0.19 0.45 0.03 0.06
1 0.34 0.5 0.04 0.08
1 0.49 0.5 0.05 0.08
1 0.59 0.55 0.05 0.09
1 0.75 0.56 0.05 0.06
1 0.8 0.54 0.05 0.08
1 0.82 0.46 0.04 0.05
1 0.66 0.5 0.04 0.07
1 0.74 0.25 0.03 0.05
1 0.56 0.29 0.03 0.05
1 0.66 0.4 0.03 0.04
1 0.71 0.43 0.03 0.05
1 0.74 0.41 0.03 0.05
1 0.68 0.44 0.03 0.06
1 0.57 0.43 0.04 0.07
1 0.54 0.47 0.05 0.07
1 0.4 0.47 0.04 0.06
1 0.36 0.41 0.03 0.05
1 0.29 0.42 0.04 0.05
1 0.23 0.41 0.03 0.05
1 0.4 0.38 0.02 0.04
1 0.43 0.39 0.03 0.05
1 0.47 0.37 0.03 0.04
1 0.48 0.42 0.03 0.05
