1 0.87 0.64 0.04 0.05
1 0.78 0.63 0.03 0.04
1 0.7 0.63 0.03 0.04
1 0.62 0.62 0.03 0.04
1 0.03 0.52 0.03 0.05
1 0.09 0.52 0.03 0.04
1 0.19 0.55 0.03 0.04
1 0.25 0.55 0.03 0.04
1 0.33 0.54 0.03 0.05
1 0.4 0.54 0.03 0.04
1 0.46 0.54 0.03 0.04
1 0.52 0.54 0.03 0.04
1 0.55 0.52 0.03 0.04
1 0.59 0.52 0.02 0.03
1 0.63 0.54 0.03 0.04
1 0.69 0.53 0.03 0.04
1 0.72 0.53 0.03 0.03
1 0.76 0.53 0.03 0.03
1 0.83 0.53 0.03 0.04
1 0.91 0.53 0.03 0.03
1 0.97 0.54 0.03 0.04
1 0.94 0.52 0.03 0.03
1 0.87 0.52 0.03 0.04
1 0.15 0.52 0.03 0.04
1 0.06 0.5 0.03 0.04
1 0.13 0.49 0.03 0.04
1 0.24 0.48 0.03 0.03
1 0.3 0.53 0.03 0.03
1 0.39 0.52 0.03 0.03
1 0.36 0.5 0.03 0.03
1 0.33 0.51 0.03 0.03
1 0.41 0.51 0.03 0.03
1 0.45 0.51 0.03 0.03
1 0.48 0.5 0.03 0.03
1 0.52 0.5 0.03 0.03
1 0.61 0.52 0.02 0.03
1 0.65 0.52 0.03 0.03
