1 0.02 0.62 0.05 0.12
1 0.14 0.76 0.09 0.12
1 0.04 0.44 0.03 0.05
1 0.15 0.42 0.02 0.02
1 0.17 0.41 0.02 0.04
1 0.2 0.41 0.03 0.05
1 0.25 0.54 0.04 0.06
1 0.46 0.66 0.06 0.05
1 0.48 0.58 0.04 0.03
1 0.6 0.64 0.04 0.04
1 0.63 0.71 0.1 0.19
1 0.79 0.71 0.06 0.09
1 0.34 0.31 0.02 0.02
1 0.36 0.31 0.02 0.03
1 0.39 0.39 0.02 0.03
1 0.41 0.39 0.02 0.02
1 0.44 0.38 0.02 0.04
1 0.46 0.39 0.02 0.03
1 0.48 0.41 0.02 0.03
1 0.49 0.39 0.02 0.03
1 0.54 0.38 0.02 0.03
1 0.57 0.47 0.03 0.04
1 0.58 0.44 0.02 0.03
1 0.58 0.41 0.02 0.03
1 0.58 0.38 0.02 0.02
1 0.61 0.4 0.02 0.03
1 0.66 0.4 0.02 0.03
1 0.63 0.44 0.02 0.04
1 0.65 0.49 0.03 0.06
1 0.71 0.42 0.02 0.05
1 0.74 0.48 0.04 0.08
1 0.77 0.33 0.02 0.04
1 0.83 0.45 0.03 0.05
1 0.8 0.5 0.03 0.04
1 0.94 0.46 0.03 0.05
1 0.82 0.6 0.04 0.07
1 0.9 0.6 0.04 0.04
1 0.84 0.54 0.03 0.04
