1 0.65 0.36 0.03 0.05
1 0.85 0.57 0.04 0.05
1 0.89 0.78 0.06 0.09
1 0.86 0.94 0.13 0.12
1 0.75 0.93 0.1 0.14
1 0.57 0.95 0.1 0.1
1 0.23 0.84 0.08 0.12
1 0.45 0.83 0.09 0.1
1 0.51 0.81 0.07 0.09
1 0.68 0.78 0.06 0.09
1 0.71 0.72 0.06 0.08
1 0.76 0.65 0.05 0.07
1 0.59 0.69 0.04 0.06
1 0.5 0.73 0.05 0.08
1 0.37 0.78 0.06 0.1
1 0.3 0.79 0.07 0.09
1 0.15 0.83 0.06 0.1
1 0.07 0.76 0.05 0.07
1 0.03 0.76 0.04 0.07
1 0.13 0.72 0.05 0.06
1 0.23 0.7 0.05 0.07
1 0.18 0.74 0.04 0.06
1 0.39 0.69 0.04 0.06
1 0.46 0.67 0.04 0.06
