1 0.96 0.25 0.02 0.06
1 0.87 0.13 0.05 0.14
1 0.56 0.51 0.06 0.15
1 0.32 0.51 0.05 0.12
1 0.21 0.52 0.06 0.15
1 0.03 0.78 0.07 0.27
1 0.03 0.47 0.05 0.16
1 0.1 0.47 0.05 0.13
1 0.04 0.36 0.04 0.11
1 0.1 0.28 0.03 0.08
1 0.05 0.28 0.03 0.09
1 0.27 0.37 0.04 0.1
1 0.42 0.37 0.04 0.11
1 0.48 0.37 0.04 0.1
1 0.57 0.34 0.03 0.08
1 0.64 0.41 0.04 0.11
1 0.61 0.32 0.02 0.07
1 0.68 0.33 0.03 0.08
1 0.74 0.34 0.02 0.08
1 0.51 0.24 0.02 0.06
1 0.38 0.29 0.02 0.08
1 0.34 0.28 0.03 0.08
1 0.31 0.29 0.03 0.08
1 0.22 0.24 0.03 0.06
1 0.28 0.25 0.02 0.07
1 0.31 0.23 0.02 0.05
1 0.35 0.23 0.02 0.05
1 0.43 0.22 0.02 0.05
1 0.49 0.21 0.02 0.05
1 0.53 0.22 0.02 0.05
1 0.54 0.19 0.02 0.04
1 0.57 0.22 0.02 0.05
1 0.61 0.2 0.01 0.04
1 0.63 0.22 0.02 0.04
1 0.67 0.22 0.02 0.05
1 0.7 0.24 0.02 0.06
1 0.73 0.29 0.02 0.06
1 0.73 0.25 0.02 0.04
