1 0.12 0.41 0.03 0.06
1 0.2 0.4 0.05 0.09
1 0.36 0.36 0.03 0.06
1 0.28 0.49 0.03 0.06
1 0.35 0.49 0.03 0.06
1 0.39 0.52 0.04 0.07
1 0.42 0.49 0.03 0.06
1 0.48 0.38 0.03 0.06
1 0.48 0.48 0.03 0.05
1 0.49 0.51 0.03 0.07
1 0.58 0.39 0.03 0.05
1 0.58 0.46 0.03 0.06
1 0.56 0.52 0.04 0.08
1 0.5 0.59 0.04 0.07
1 0.59 0.58 0.06 0.1
1 0.7 0.62 0.05 0.12
1 0.73 0.38 0.05 0.11
1 0.81 0.49 0.04 0.06
1 0.8 0.54 0.03 0.07
1 0.87 0.55 0.06 0.09
1 0.93 0.47 0.03 0.08
1 0.94 0.57 0.05 0.08
1 0.9 0.65 0.07 0.13
1 0.83 0.68 0.1 0.18
1 0.46 0.81 0.12 0.21
1 0.25 0.67 0.08 0.15
1 0.2 0.58 0.06 0.12
1 0.11 0.61 0.06 0.12
1 0.1 0.84 0.15 0.28
